0 0
11 7
30 14
95 22
95 48
103 64
0 151
75 150
1 229
39 292
14 310
2 88
1 269
2 237
6 293
7 65
7 133
9 33
10 102
9 248
10 79
11 189
11 48
13 204
12 279
14 258
16 122
15 158
16 215
17 74
132 186
18 89
21 227
21 11
21 113
24 24
29 133
28 192
28 240
29 80
29 102
30 175
32 160
33 204
35 124
36 254
38 48
37 91
38 216
38 283
38 299
39 70
41 0
40 14
41 112
40 224
41 263
46 62
47 27
48 43
49 141
49 240
49 103
50 186
50 272
51 157
50 169
51 178
50 317
53 57
53 77
54 127
54 203
55 296
55 307
57 7
57 254
58 279
58 37
61 116
61 215
65 225
66 49
70 286
70 159
70 103
71 172
70 232
72 80
72 267
74 135
74 188
76 15
77 126
77 304
77 200
78 75
78 291
79 254
81 119
82 91
85 293
83 315
84 0
85 12
85 55
87 219
86 243
88 158
88 167
88 178
89 278
90 146
91 262
92 103
100 165
96 317
97 96
98 229
98 203
100 304
102 251
103 123
103 287
105 7
106 115
106 157
107 90
107 142
107 167
109 273
110 74
111 107
112 18
112 181
113 213
112 296
113 305
115 44
127 209
116 259
117 85
120 193
120 219
181 313
121 138
121 288
121 307
122 126
123 152
123 162
123 31
124 98
126 44
126 175
127 56
128 219
127 266
128 70
130 291
131 202
130 246
135 92
137 56
138 110
137 133
138 199
138 68
139 140
140 184
139 274
140 296
141 155
141 222
143 43
143 266
148 85
148 256
148 291
149 71
152 311
150 237
153 56
153 103
152 123
152 176
153 30
154 131
155 164
155 145
155 259
157 152
157 196
157 275
158 234
159 72
160 87
166 273
164 311
167 212
166 185
167 9
167 44
168 118
171 95
172 164
171 174
172 0
172 77
174 154
210 10
176 20
176 229
177 252
179 201
180 262
179 273
180 103
181 51
182 83
187 295
187 114
188 308
188 242
189 86
190 9
190 53
192 166
191 212
193 156
193 127
195 72
195 41
196 140
196 27
196 94
196 253
198 274
199 228
200 202
200 291
201 262
204 78
203 106
205 61
206 189
206 291
207 305
207 31
207 112
208 172
207 242
208 258
212 272
228 4
214 129
214 66
214 90
215 210
215 139
216 287
217 253
218 231
229 316
219 146
221 197
222 156
223 302
222 73
222 100
223 169
223 247
225 110
225 267
226 185
232 123
232 236
233 281
234 136
235 257
235 297
236 14
238 200
239 215
1 57
1 97
1 141
1 177
1 205
9 21
17 1
17 61
17 145
17 301
29 37
29 69
33 1
33 313
53 1
61 89
61 141
65 65
69 1
69 213
73 29
73 313
77 1
85 41
85 233
93 133
97 37
101 89
101 133
105 1
109 221
113 61
117 5
117 201
121 313
125 281
137 213
141 125
145 181
145 217
145 241
149 77
153 1
153 97
153 281
157 297
161 245
165 105
169 85
169 289
169 313
173 69
173 133
177 13
177 113
177 281
181 125
185 77
185 253
185 273
189 285
213 1
