5 0
121 152
0 180
22 253
0 255
24 296
13 307
4 315
3 289
4 111
5 127
7 267
6 78
8 170
11 314
12 186
12 274
13 231
16 156
14 299
20 85
20 284
24 0
22 128
23 305
26 176
27 211
27 221
29 270
29 83
30 314
31 166
32 234
34 157
33 295
36 135
37 278
41 177
41 197
44 24
45 303
45 148
45 217
46 262
47 229
47 15
48 129
53 268
54 114
55 244
55 313
55 197
56 296
57 4
59 207
60 253
61 113
63 137
64 94
65 168
65 305
68 231
68 82
69 151
70 112
70 135
71 191
70 267
73 198
72 242
74 295
74 209
75 314
77 164
79 216
80 196
81 281
81 72
82 99
83 303
84 6
85 223
86 258
88 169
90 234
91 210
92 311
93 30
95 103
97 295
97 8
99 177
100 45
101 246
101 141
102 161
102 66
104 8
104 317
106 184
106 205
108 45
110 91
111 108
110 146
111 286
111 23
113 129
113 190
113 212
113 237
117 11
118 60
119 111
118 174
118 293
120 133
122 24
123 199
122 279
124 97
124 247
126 226
126 50
126 65
128 160
128 206
129 302
128 86
129 118
130 140
130 100
131 252
133 189
134 215
136 105
135 168
136 288
137 0
139 310
140 27
141 220
142 294
142 151
142 174
145 4
147 113
147 281
150 158
150 97
151 207
153 185
153 117
154 258
157 304
157 49
158 142
157 165
159 239
159 63
161 264
161 23
161 37
162 171
166 271
166 224
167 67
168 294
170 204
168 248
169 14
169 94
170 181
170 40
171 131
172 27
172 57
176 278
176 297
176 86
177 316
179 18
179 120
180 141
181 191
183 263
183 284
185 150
186 244
186 8
187 111
188 36
189 202
189 23
190 130
190 156
192 11
195 83
194 182
194 228
196 254
198 115
197 0
197 188
198 213
199 140
200 168
203 276
223 9
203 260
208 296
208 174
209 151
209 78
210 200
210 223
211 98
216 185
217 206
217 53
220 138
221 163
223 268
224 216
225 93
226 191
233 3
227 146
228 76
228 120
231 35
231 60
232 175
233 275
233 100
233 319
234 224
236 202
237 67
237 132
238 12
238 234
239 161
1 65
1 229
1 237
1 297
5 157
5 281
9 17
13 141
13 197
17 37
17 165
17 317
21 97
21 105
21 245
25 37
25 149
25 201
29 1
29 109
33 69
33 141
37 37
37 185
37 253
37 317
41 105
41 205
41 285
45 89
45 117
45 165
45 253
49 5
49 53
53 69
53 77
53 85
53 101
53 185
57 61
57 125
57 173
61 17
61 153
61 221
61 281
65 25
65 41
69 73
69 101
69 289
73 5
73 121
77 93
81 41
81 117
81 125
81 149
81 177
81 257
85 29
85 53
85 61
85 133
85 141
85 205
85 289
89 41
89 113
89 153
93 85
93 137
93 189
93 265
97 157
97 201
97 237
97 277
101 33
105 21
105 57
105 101
105 121
105 133
105 233
109 165
109 273
109 305
113 29
113 253
117 145
121 73
121 81
121 169
121 217
121 265
121 313
129 37
129 81
133 5
133 149
133 161
133 237
133 261
133 273
137 69
137 121
141 53
141 89
145 129
145 201
145 229
149 17
149 137
149 253
149 269
153 33
153 317
157 1
157 97
157 233
157 289
161 9
161 105
165 49
165 81
165 89
165 201
165 313
173 153
173 309
177 1
177 33
177 57
177 233
177 261
181 73
181 105
185 181
185 225
185 301
189 97
189 317
193 65
193 285
197 29
197 105
201 121
201 233
201 313
205 17
205 73
205 113
205 245
209 33
209 229
213 1
213 61
213 121
213 129
213 265
213 285
217 21
217 81
217 233
217 313
221 41
221 109
221 301
225 1
225 17
225 29
225 209
225 241
225 285
229 129
229 225
229 261
237 293
237 305
