123 9
108 39
0 30
0 68
121 70
114 99
0 156
102 141
19 215
0 276
2 57
3 195
4 308
5 78
5 129
6 273
6 1
7 16
8 92
7 284
9 265
94 194
9 110
10 245
10 150
10 170
12 203
13 27
15 55
15 235
16 182
17 2
17 90
19 39
20 73
19 144
19 295
22 309
19 316
21 222
23 121
26 160
26 214
28 71
107 215
31 202
30 254
33 179
34 134
35 69
35 153
36 238
39 82
39 98
39 197
40 307
44 222
43 173
46 80
45 269
46 36
48 66
47 145
48 188
47 279
48 53
48 258
49 317
49 165
50 289
53 251
53 244
53 265
54 143
59 77
59 228
62 136
62 218
62 288
63 155
64 209
66 177
68 11
70 256
69 310
70 37
72 155
73 205
74 86
75 266
76 241
77 128
78 24
79 48
78 188
78 226
79 142
80 11
80 104
82 220
85 242
92 297
81 303
84 114
85 211
84 294
85 59
86 139
85 313
87 23
87 181
87 73
90 274
91 204
93 58
92 124
92 253
94 9
94 102
95 232
96 262
96 147
98 23
98 112
98 134
110 283
100 57
102 292
103 192
149 224
105 307
107 71
108 314
108 10
108 57
108 120
108 301
111 85
114 70
113 204
114 258
114 319
118 56
118 181
121 220
122 288
121 227
129 306
124 212
125 164
125 177
127 130
130 0
131 12
131 209
132 250
132 315
132 174
133 259
132 294
134 58
135 159
135 27
137 243
136 96
137 236
137 144
138 42
138 70
138 188
138 226
139 171
158 287
140 277
141 219
143 141
142 288
144 0
181 238
145 57
145 185
145 154
146 212
147 97
147 197
151 169
151 43
151 258
152 127
153 209
153 138
154 269
154 182
155 304
156 0
156 57
157 241
158 229
159 200
161 72
163 220
164 251
183 256
164 311
165 197
167 3
167 99
166 319
167 60
212 5
168 152
168 292
169 258
170 44
172 164
176 120
177 151
177 86
177 228
179 98
180 205
180 222
180 245
182 128
183 45
182 190
183 281
209 249
184 304
186 176
188 215
190 292
189 89
189 101
189 313
190 21
190 115
191 207
190 263
197 162
196 240
217 256
199 150
200 102
200 272
201 247
202 301
203 208
203 224
206 90
208 50
207 175
208 286
208 162
209 307
209 77
209 152
212 204
228 222
214 106
215 191
216 270
217 155
218 306
217 78
219 247
219 222
219 290
220 173
221 68
221 195
223 297
232 312
226 0
227 53
225 106
227 177
226 253
229 232
229 259
231 282
230 214
231 95
232 303
232 82
233 161
234 196
235 17
235 181
235 239
236 34
237 218
236 267
1 89
1 245
1 253
5 209
9 117
13 65
49 97
53 173
53 213
53 233
57 41
57 149
65 109
69 145
69 189
73 61
81 1
81 161
81 273
93 285
97 73
97 93
97 217
97 305
101 1
101 41
109 245
121 25
121 141
121 301
133 117
133 133
145 81
145 129
145 249
149 117
157 29
157 97
157 121
165 49
165 109
165 129
177 125
177 177
181 21
185 137
193 233
197 89
197 277
201 21
201 189
201 293
209 29
213 237
221 241
225 13
229 209
