1 1
15 8
55 9
0 37
117 25
122 46
1 81
120 62
123 78
158 171
0 185
142 198
1 220
30 212
109 231
2 126
1 272
2 101
3 301
3 154
6 34
6 258
11 73
9 119
9 171
8 200
11 143
10 291
13 59
14 317
14 30
15 166
17 137
16 230
18 85
18 187
18 273
18 18
18 104
18 223
85 242
20 57
20 114
20 159
138 89
22 299
22 131
24 181
24 259
24 39
26 80
26 97
26 108
27 151
27 249
28 7
30 314
30 175
32 201
31 240
32 121
33 168
34 275
33 77
34 91
73 255
35 34
36 144
36 193
38 229
38 121
40 161
38 263
39 5
39 17
39 62
39 74
39 186
39 297
39 306
40 221
42 179
42 256
44 32
44 87
46 290
47 58
47 131
49 155
48 206
50 97
50 69
51 111
50 279
51 189
52 244
53 236
53 313
55 150
55 18
57 172
55 182
56 269
56 127
57 66
57 92
57 224
59 299
59 306
89 264
59 40
62 145
62 264
62 52
62 107
62 214
64 163
65 124
64 204
66 256
66 5
67 248
68 140
68 292
70 201
70 281
71 315
73 124
72 86
73 192
73 236
73 102
74 159
74 271
75 228
77 179
77 140
79 70
81 153
81 263
82 99
81 299
85 173
86 214
86 113
87 206
87 21
87 136
90 166
90 279
90 285
92 196
92 70
92 317
93 31
94 137
176 107
96 233
95 9
96 43
95 123
96 99
96 146
97 226
97 271
97 308
98 88
99 166
98 190
100 69
101 136
109 145
102 58
103 181
104 211
104 218
104 79
104 123
107 252
108 44
109 285
109 30
110 167
111 240
112 78
112 112
112 181
115 124
115 140
114 311
116 175
117 273
117 15
117 225
124 307
119 103
120 267
120 258
122 0
121 299
125 131
126 179
126 315
127 106
127 161
129 245
129 16
130 148
131 121
132 187
133 235
133 308
134 168
135 221
135 296
135 1
135 42
135 96
136 205
135 277
136 262
139 110
140 123
140 16
141 27
141 55
142 319
144 157
145 252
145 185
148 239
149 84
150 201
158 298
151 15
151 193
152 230
151 304
153 2
153 222
156 87
155 290
157 136
159 73
160 110
208 3
163 158
163 19
164 47
164 184
166 191
165 247
166 103
166 256
167 285
169 235
169 93
170 131
171 166
170 206
171 219
173 47
173 173
175 31
177 95
180 63
178 289
180 185
180 191
181 80
181 260
184 271
185 247
183 319
185 209
185 48
186 203
187 114
187 168
186 310
187 231
187 280
189 33
189 5
189 66
189 239
190 85
191 255
192 21
193 173
195 182
196 69
196 152
196 37
196 105
197 315
198 91
199 120
199 294
199 9
201 160
202 276
203 75
204 52
204 212
205 141
206 244
207 263
207 92
207 125
207 176
208 22
209 251
209 232
213 37
212 185
212 315
215 78
215 27
217 97
216 155
216 191
217 64
217 114
218 133
219 286
220 199
221 84
222 216
222 177
223 235
223 262
223 41
224 226
224 12
224 26
224 254
225 120
228 85
228 147
227 170
230 185
231 56
232 69
232 44
232 128
234 108
236 315
235 291
234 304
236 196
237 160
238 202
238 284
239 15
239 216
1 89
1 209
1 261
1 285
5 61
9 21
13 241
21 109
25 25
25 69
33 285
37 313
45 169
49 45
53 1
65 285
73 1
77 201
77 305
81 117
81 125
81 193
85 33
85 281
89 181
89 257
101 29
101 97
101 113
101 265
105 161
109 101
109 137
113 1
113 69
117 149
117 205
121 97
121 217
125 145
125 281
137 153
149 105
149 149
149 177
153 97
157 57
157 105
157 165
157 213
161 1
161 253
165 33
165 125
165 141
165 197
169 73
169 117
169 149
169 305
181 125
181 157
185 137
189 149
193 133
197 301
201 169
201 221
205 133
205 205
205 285
205 297
209 109
209 153
209 221
217 1
217 161
217 249
217 277
221 53
237 93
237 209
