3 1
116 28
0 26
152 79
0 60
102 70
103 111
110 137
1 134
105 156
1 173
32 177
0 205
106 258
1 40
1 102
2 253
3 8
5 75
5 125
6 166
7 269
9 91
8 192
9 19
11 156
11 219
11 303
12 47
12 68
12 240
13 138
13 146
14 184
15 284
15 262
16 15
16 28
17 107
17 209
18 86
19 63
22 41
22 232
21 317
22 166
23 253
24 125
24 153
23 298
24 78
25 101
25 193
25 201
26 10
28 37
30 52
29 117
30 18
30 95
30 143
30 265
31 247
32 74
33 314
95 20
35 35
35 296
37 0
36 50
36 61
36 165
37 12
148 109
37 195
37 277
38 239
40 24
41 88
41 211
42 71
42 107
43 128
43 151
43 258
44 56
44 292
47 9
46 143
46 178
46 232
48 44
48 106
48 273
49 308
50 204
52 166
51 252
53 84
52 122
53 225
53 32
53 69
54 290
56 99
57 155
58 110
58 127
57 189
58 56
59 148
60 243
60 267
61 141
62 20
62 42
62 7
62 181
64 82
64 283
64 304
65 201
68 70
68 101
68 173
70 20
69 193
70 212
70 58
72 125
72 160
72 43
74 8
73 85
74 33
74 138
76 107
76 229
77 154
77 185
76 258
78 204
79 45
79 220
81 60
80 75
80 90
81 177
81 314
83 118
83 244
84 22
84 34
86 195
86 290
87 10
88 129
88 267
89 80
88 97
88 171
89 49
91 64
91 137
91 312
92 210
94 147
94 229
94 259
96 10
95 84
96 125
98 297
99 40
99 54
99 154
99 181
100 204
103 135
102 311
103 0
103 92
104 220
104 279
106 169
108 28
107 120
108 14
108 59
109 143
108 237
109 45
109 99
110 75
111 85
111 277
112 197
114 129
114 153
113 177
115 64
115 107
114 215
116 236
116 256
117 3
178 151
120 184
120 17
121 114
121 162
191 29
122 39
121 53
121 81
121 197
122 142
123 96
124 31
126 213
128 126
127 174
128 56
130 105
130 193
129 310
130 20
131 156
130 273
132 75
132 7
132 233
133 91
135 47
135 136
134 251
134 286
136 63
136 81
137 34
138 117
137 200
140 231
138 272
140 169
141 100
141 185
142 68
142 150
143 39
143 216
144 309
146 12
145 27
147 87
147 131
146 251
147 270
147 203
148 57
149 178
149 289
151 46
152 159
153 0
154 31
154 96
154 207
154 236
155 117
156 143
157 271
156 307
157 47
157 63
158 191
201 77
160 168
159 227
160 11
161 104
161 253
161 214
161 292
163 52
164 89
164 150
165 2
167 14
165 307
166 40
166 71
167 131
168 214
168 177
167 197
168 232
169 27
169 272
169 289
209 18
171 157
172 96
173 118
173 256
174 138
175 184
176 62
176 80
177 6
176 221
177 239
176 289
179 205
179 258
179 273
181 50
181 105
181 167
181 188
182 36
183 225
184 68
184 88
183 129
184 307
188 151
187 293
188 55
190 39
190 115
189 242
189 261
190 0
191 137
190 177
190 229
192 198
193 77
193 97
192 215
192 279
193 15
195 294
220 11
198 45
198 60
199 84
199 162
199 184
199 144
200 203
201 108
201 237
201 310
203 131
204 35
204 268
206 169
205 285
207 10
207 70
208 90
208 255
209 115
209 243
210 194
210 54
211 309
211 141
212 229
213 96
212 213
214 42
215 126
215 152
225 216
216 271
217 79
218 182
218 17
218 30
221 61
219 202
218 291
220 2
219 105
221 111
222 134
223 87
224 236
223 162
224 191
223 312
232 2
229 115
229 139
229 255
230 23
230 38
230 97
230 276
231 296
232 176
232 229
234 151
233 242
233 316
235 123
234 197
236 10
236 57
236 217
237 88
238 105
238 281
239 45
239 161
1 17
1 69
1 225
1 265
9 57
9 97
13 37
13 113
13 177
21 141
21 173
21 305
29 5
33 189
33 229
33 309
41 205
49 129
57 1
57 213
61 249
65 1
65 209
69 317
73 249
81 253
85 1
89 165
89 253
89 305
93 273
93 293
97 253
101 269
101 289
105 193
105 253
109 229
113 169
117 229
117 265
121 217
125 157
133 221
137 1
153 41
153 229
157 21
165 161
177 13
181 21
197 1
205 1
205 145
205 305
209 293
213 25
213 301
221 49
221 257
237 29
