0 0
117 178
2 268
7 132
8 185
12 162
14 9
15 148
17 90
17 140
22 185
22 195
24 210
26 160
31 144
31 241
34 131
35 258
39 185
39 198
42 120
44 227
46 141
54 177
54 43
55 169
57 93
58 268
58 148
61 18
63 236
64 277
64 92
65 196
68 64
69 165
69 205
70 76
71 154
72 110
73 183
76 91
78 123
78 233
77 271
79 106
79 200
85 77
87 42
88 183
90 66
91 190
93 106
94 198
98 93
103 148
104 222
106 81
107 97
109 134
109 236
110 117
110 160
113 203
113 140
116 290
118 101
118 122
120 86
120 148
125 156
124 226
126 92
126 109
127 131
133 174
133 141
135 81
136 218
137 260
138 124
138 186
139 151
200 48
143 158
145 108
147 71
148 168
148 93
148 241
151 8
151 118
153 217
153 181
156 102
159 157
159 194
209 37
164 169
165 117
166 139
169 179
170 276
173 152
173 81
174 44
174 190
178 198
178 234
182 115
182 140
184 95
186 177
217 24
193 157
193 192
196 203
196 244
199 13
200 209
204 221
226 13
211 273
214 70
224 20
229 48
235 4
237 57
239 180
1 9
1 17
1 113
1 161
1 169
1 241
1 249
5 53
5 201
9 173
9 221
9 281
13 81
13 97
13 121
17 45
17 245
17 261
21 33
21 57
21 129
21 173
21 273
25 1
25 69
25 101
25 225
25 233
29 17
29 41
29 149
29 285
33 29
33 77
33 109
33 125
33 229
37 49
37 93
37 141
37 161
41 57
41 101
41 177
41 277
45 1
45 21
45 33
45 69
45 85
45 149
49 101
49 257
49 289
53 5
53 113
53 133
53 193
57 125
57 221
61 69
61 81
61 105
65 117
65 285
69 33
69 137
69 173
69 245
69 261
69 293
73 5
73 53
73 125
73 221
77 145
81 281
85 9
85 161
85 173
85 217
85 245
89 89
89 145
89 229
89 257
89 297
93 153
93 277
97 53
97 81
97 165
97 249
101 121
101 177
101 201
101 209
101 289
105 45
105 113
105 189
105 297
109 57
109 125
109 305
113 189
113 281
117 213
117 253
117 297
121 77
121 265
121 273
125 181
125 193
125 297
129 1
129 33
129 217
129 233
129 245
129 253
129 273
129 281
133 57
133 205
137 45
137 101
137 229
141 1
141 201
141 269
141 293
145 29
145 37
145 233
149 129
149 205
149 281
153 1
153 141
153 253
153 289
157 77
157 149
161 29
161 65
161 85
161 129
161 225
165 205
165 245
165 265
165 273
169 53
169 125
169 221
169 281
173 161
177 133
177 249
177 293
181 89
181 109
181 161
181 205
181 261
185 21
185 73
185 121
185 217
185 277
189 41
189 61
189 233
189 269
193 81
193 277
197 33
197 69
197 89
197 113
197 169
201 145
201 181
201 285
205 101
205 189
205 265
209 1
209 233
213 89
213 117
213 201
217 53
217 141
217 173
217 217
217 245
221 1
221 37
221 121
221 129
221 209
225 185
225 221
225 229
225 249
225 277
229 89
229 157
229 197
233 29
233 101
233 169
233 205
233 273
237 129
237 149
237 213
237 249
