1 1
7 15
0 46
0 62
0 75
5 83
13 95
20 117
34 132
34 153
71 97
63 174
1 223
116 223
0 293
0 317
6 31
2 133
3 201
21 47
5 110
6 318
8 1
8 288
11 211
11 269
12 78
16 3
17 318
14 65
14 251
15 302
21 21
15 284
17 33
17 208
19 15
18 263
20 174
21 223
22 97
22 139
23 3
24 70
25 260
26 77
25 297
30 59
26 189
28 168
32 2
29 206
29 241
37 69
39 9
34 23
34 185
34 253
36 294
34 80
35 220
36 60
35 95
37 201
36 275
46 24
39 88
41 317
40 160
41 50
42 16
42 180
43 271
45 110
44 196
44 77
45 40
47 291
47 215
48 230
48 89
49 102
50 66
49 154
52 36
52 171
53 311
52 19
57 56
56 8
54 212
54 244
55 93
56 146
57 29
69 67
59 287
60 307
61 205
62 18
61 162
63 35
62 95
64 44
64 223
63 241
64 27
65 50
69 305
69 11
69 154
71 218
72 281
72 17
72 104
75 28
76 84
75 142
76 78
77 172
78 34
78 43
79 233
79 248
78 262
79 53
80 280
81 133
83 302
83 164
84 192
84 0
85 119
86 276
88 154
88 210
88 229
90 3
90 36
92 318
92 97
93 47
93 85
94 181
95 240
95 72
95 258
98 274
98 12
99 223
100 172
101 202
101 20
103 158
105 32
106 217
105 235
105 254
106 44
106 142
108 59
108 103
109 292
110 112
111 272
111 251
114 317
113 186
114 232
114 213
117 56
118 152
118 164
119 62
118 140
121 268
119 288
121 80
122 95
123 206
125 228
124 316
179 145
125 36
126 114
126 194
127 125
131 143
133 266
133 151
136 316
136 300
136 85
137 165
138 181
138 231
138 251
163 52
139 47
140 104
140 283
140 14
142 111
141 191
142 58
142 266
142 297
143 206
146 315
144 65
146 20
146 125
148 133
148 234
149 141
149 250
150 34
150 89
151 217
153 281
152 161
154 168
154 6
200 108
157 61
155 180
158 315
156 50
157 18
158 295
158 187
158 224
158 241
159 73
163 125
163 204
164 256
165 140
165 2
165 296
166 36
167 88
167 150
208 79
170 159
169 215
170 277
172 319
172 260
172 170
172 295
174 64
175 239
175 22
175 106
177 225
178 313
179 77
180 195
207 178
180 297
182 132
184 39
184 203
184 283
184 95
184 268
184 316
186 297
215 54
188 211
188 252
189 15
189 106
189 162
190 51
192 23
192 59
192 118
193 175
194 224
196 69
197 127
199 77
199 135
199 189
199 264
200 238
201 87
201 282
201 302
223 33
204 47
205 96
206 206
207 158
208 151
208 243
209 304
208 22
209 273
211 111
210 166
211 61
212 220
212 30
213 72
214 173
213 250
215 122
216 184
218 227
219 256
219 83
231 16
221 13
224 95
224 199
224 50
224 164
226 238
227 149
226 270
227 59
228 102
230 28
230 111
230 186
231 294
231 67
233 160
232 207
235 218
233 274
235 250
235 78
236 6
236 41
237 125
237 12
237 172
239 0
1 29
5 169
5 181
9 241
13 125
13 181
17 85
17 149
17 157
17 193
17 245
21 53
21 277
21 285
25 133
29 45
29 281
29 317
33 29
33 37
33 53
37 121
37 145
41 21
45 1
45 137
49 297
53 45
57 81
57 113
57 185
57 317
61 125
65 5
65 113
65 137
65 257
69 265
73 1
73 33
73 117
73 201
81 65
89 21
93 57
93 141
97 109
97 133
97 293
101 1
101 281
105 317
113 9
117 17
117 173
121 25
121 41
121 133
125 49
125 253
125 301
133 21
133 285
133 305
137 33
149 81
153 301
157 113
161 25
173 13
173 57
173 97
177 117
181 65
181 109
201 5
205 249
221 313
225 141
229 265
237 301
