0 0
129 44
4 30
112 84
0 55
69 69
57 81
0 98
65 125
49 218
13 148
3 185
0 219
6 231
24 228
8 299
1 317
1 107
2 169
1 264
3 145
4 68
3 88
3 290
90 146
7 18
7 198
7 253
7 36
9 51
12 169
9 191
8 311
10 119
11 65
13 156
11 283
11 4
21 188
12 101
13 138
14 83
14 182
14 241
14 306
126 74
16 33
17 16
18 273
18 49
19 98
18 114
18 131
22 158
20 289
20 216
20 298
22 208
22 64
29 276
23 198
23 265
24 0
24 78
26 16
29 253
27 295
29 128
30 31
30 182
32 110
32 263
33 0
34 46
34 78
39 159
36 173
35 242
36 94
36 316
37 228
38 108
38 138
38 15
39 62
39 147
38 166
51 202
40 132
40 29
41 45
41 213
40 283
42 77
41 308
44 0
44 199
72 270
44 272
47 189
48 46
48 109
47 150
50 181
49 61
48 128
49 300
51 31
51 159
51 175
53 168
52 255
54 93
55 239
56 111
56 48
57 289
59 62
57 226
60 209
60 319
63 197
65 139
63 150
64 20
65 282
66 187
66 314
67 34
67 98
68 117
69 159
68 177
70 83
71 166
70 263
72 251
73 308
73 10
74 24
77 316
74 53
75 104
77 215
77 39
77 126
78 71
80 0
81 89
80 291
81 135
85 42
85 110
85 183
85 284
87 155
98 253
88 29
88 78
88 273
89 171
91 262
90 315
91 18
91 60
91 99
91 208
92 221
92 232
92 246
93 192
93 200
92 240
94 48
94 123
95 3
96 84
100 303
110 307
100 21
101 68
100 105
100 132
102 90
103 141
183 48
103 295
106 7
106 190
107 54
106 115
106 154
108 163
106 206
107 175
108 283
108 213
108 246
109 227
110 39
110 75
111 256
112 274
113 104
113 25
114 58
114 125
116 10
117 292
120 273
121 312
119 76
120 114
120 137
151 150
121 66
121 91
122 128
124 148
125 13
124 97
125 160
125 191
125 199
137 164
127 171
127 181
126 301
126 0
126 223
127 81
137 264
128 214
130 253
129 104
130 287
132 62
133 195
132 277
132 127
133 18
133 69
134 118
139 5
139 125
140 134
139 188
140 34
197 35
142 144
141 210
143 318
142 53
143 98
142 195
144 150
144 225
145 158
147 166
146 238
145 24
146 73
149 308
147 42
147 251
148 112
149 175
160 265
151 298
152 11
153 187
154 277
154 120
155 284
156 316
155 63
156 83
158 128
157 198
157 142
158 13
159 31
159 48
160 90
160 213
160 135
163 158
164 224
164 72
165 101
164 142
180 187
164 173
165 1
166 19
166 55
167 235
168 37
170 315
170 186
170 244
170 145
172 256
172 302
171 83
172 110
174 119
175 154
175 43
176 201
185 279
176 267
212 21
176 274
177 290
179 212
181 133
181 165
182 28
211 132
184 222
183 72
184 140
184 173
185 101
188 15
189 185
189 232
189 240
190 149
191 109
191 58
193 251
194 193
195 316
195 121
196 24
197 203
196 303
198 264
198 163
199 92
199 233
199 239
200 69
201 216
209 286
200 277
200 295
202 48
202 172
202 99
203 11
208 203
206 225
207 30
208 139
209 184
211 237
211 78
211 152
219 235
214 87
214 246
214 253
222 2
214 36
214 58
214 120
215 200
215 6
218 268
217 163
220 128
219 260
220 278
220 316
222 98
222 216
228 289
222 303
223 173
232 212
223 137
225 47
226 29
228 264
226 278
228 224
228 182
230 147
230 76
231 233
234 312
231 18
235 11
233 191
234 35
235 159
234 282
238 95
236 253
237 103
237 203
237 271
238 114
238 240
1 249
5 45
13 213
21 309
29 137
33 165
37 85
37 265
45 165
49 121
49 137
49 277
85 309
101 189
105 313
121 85
121 261
129 317
149 1
149 209
149 225
165 197
169 209
173 225
181 81
181 317
197 81
201 17
201 245
205 81
205 193
213 45
213 217
221 189
225 257
