6 1
170 137
124 118
78 163
0 125
0 142
0 164
42 139
37 158
17 191
49 172
61 180
10 237
112 230
3 74
3 296
5 262
7 192
8 57
9 103
10 155
10 171
13 132
16 39
15 184
19 163
19 238
19 300
20 14
20 111
22 65
22 252
23 141
23 78
23 93
24 208
26 159
26 2
26 264
27 47
28 313
30 104
30 30
31 172
36 218
30 242
31 90
31 229
33 287
32 200
38 114
38 211
39 83
39 173
38 295
41 43
39 306
40 194
42 1
42 266
44 95
45 164
45 127
48 187
50 106
49 207
51 54
51 275
51 40
52 91
53 12
53 77
52 315
54 24
53 288
56 155
143 228
56 256
59 119
60 52
60 196
61 282
62 38
61 65
63 11
62 85
64 148
64 171
64 267
66 230
68 306
68 24
69 209
71 66
70 187
69 245
70 277
69 318
70 112
72 82
73 97
74 139
75 218
76 155
78 180
77 202
77 124
77 286
78 300
79 0
79 23
80 36
80 80
81 232
81 265
81 95
85 106
85 146
86 279
87 118
88 169
87 192
87 310
88 222
93 133
92 241
95 110
96 318
97 67
97 154
97 194
98 26
98 82
99 281
102 297
104 245
104 314
105 113
106 98
108 143
110 167
110 197
109 218
110 17
110 43
112 28
112 286
115 158
115 0
116 216
118 113
118 59
119 106
121 293
122 133
121 206
122 318
123 20
123 177
123 226
129 1
130 66
130 95
132 283
133 162
133 233
134 310
135 40
136 188
206 21
138 139
139 57
139 86
139 105
142 179
141 319
142 219
144 44
147 119
147 168
148 128
148 78
149 211
151 155
151 134
152 143
155 187
156 100
155 290
156 305
158 219
158 180
160 24
161 85
163 234
165 166
164 113
166 12
166 62
166 252
167 127
167 155
167 204
167 43
169 147
170 226
171 196
171 31
173 52
175 102
175 71
176 190
176 260
176 1
178 181
177 216
179 305
180 129
181 232
182 165
183 109
183 206
185 87
185 153
215 295
190 27
190 193
191 215
191 273
193 119
194 13
196 32
197 154
196 174
198 162
197 305
199 75
200 104
200 202
199 265
200 226
202 38
206 297
205 84
208 231
224 306
210 129
211 91
212 99
212 160
212 7
212 141
213 67
213 148
214 207
214 306
217 30
218 286
220 53
220 114
221 196
223 81
222 189
224 174
223 224
226 135
225 168
233 311
228 97
229 143
231 21
231 104
231 67
233 208
236 195
237 3
235 224
238 93
238 182
238 76
238 278
1 1
1 149
1 189
5 29
5 45
5 221
5 305
9 121
9 209
13 89
13 269
17 1
17 53
17 285
25 25
25 225
29 13
29 301
33 41
33 177
33 185
37 17
37 73
37 253
41 61
45 145
45 217
49 65
49 201
49 233
53 241
61 101
61 293
65 133
69 293
73 253
77 9
77 49
77 133
89 197
89 293
93 13
93 53
93 93
93 257
97 225
105 181
109 9
109 53
109 257
109 273
117 189
121 149
121 261
125 33
125 245
125 273
125 301
129 81
133 213
137 1
137 73
137 149
137 293
141 29
141 205
141 249
141 277
145 1
145 193
145 301
149 21
149 69
149 85
149 93
149 277
153 53
153 201
153 233
157 37
161 245
161 277
165 301
169 85
173 281
177 21
177 81
177 97
177 293
181 61
181 117
185 41
185 265
189 293
193 65
193 185
197 141
205 117
209 1
209 57
209 185
209 269
213 169
217 77
217 237
221 1
221 25
221 41
225 65
225 157
225 265
225 293
225 313
229 241
229 273
233 89
233 121
233 257
237 53
237 137
237 301
