116 153
0 49
0 84
0 164
0 200
0 230
8 228
0 247
4 77
3 156
6 192
6 285
7 41
7 218
7 262
11 183
11 235
17 50
16 163
19 80
19 24
20 141
23 203
24 72
24 129
24 287
26 98
26 241
29 261
28 235
29 17
29 189
30 319
32 177
33 88
34 170
36 48
36 224
37 253
38 310
39 75
40 210
39 246
42 202
44 268
44 239
45 0
46 188
48 230
48 91
49 180
50 21
50 262
53 125
53 163
53 310
54 15
54 217
55 254
56 115
56 145
56 276
58 291
61 248
63 239
63 8
63 179
64 289
64 170
68 306
68 27
67 58
69 124
69 219
71 82
73 48
72 204
76 17
75 73
76 262
77 102
77 168
78 250
79 159
80 308
81 141
82 36
81 95
82 133
83 12
87 268
85 85
85 222
85 207
86 235
87 285
87 189
87 304
88 55
90 6
91 28
90 76
93 100
94 247
94 167
97 44
96 141
96 2
97 176
97 67
98 184
98 89
98 124
101 22
100 256
102 226
105 232
105 263
105 103
108 94
110 141
109 241
111 177
112 133
111 235
111 310
112 168
112 188
113 273
114 87
116 11
115 112
117 205
116 291
119 217
119 254
120 105
120 313
123 227
122 295
123 282
126 129
127 234
127 22
128 138
128 163
129 174
133 186
135 192
136 225
137 76
138 54
139 252
141 201
143 207
143 30
156 184
144 237
145 88
145 257
146 131
147 285
148 117
149 153
149 184
148 215
148 305
149 18
150 61
154 226
150 246
152 266
154 2
154 75
153 193
156 55
155 169
156 273
158 97
157 295
160 49
159 233
160 205
161 14
163 90
161 257
164 65
167 129
165 192
167 117
169 288
170 160
170 200
170 217
170 12
172 43
172 26
172 59
173 80
173 106
172 271
175 171
178 255
175 225
178 295
177 74
178 183
179 94
180 216
181 230
181 37
182 54
182 192
182 281
183 70
184 23
186 318
185 264
187 131
188 237
187 122
188 301
190 53
191 70
191 110
191 157
190 271
191 285
193 166
192 208
193 201
195 37
196 319
197 69
196 303
197 54
198 180
197 273
198 84
199 101
200 217
202 255
202 93
203 26
204 122
203 131
206 187
203 230
205 10
204 278
206 263
210 153
211 11
210 54
210 111
211 200
212 234
214 163
214 283
215 89
217 207
217 71
219 171
218 270
223 111
222 129
222 247
223 312
223 30
223 72
224 218
225 183
226 93
228 17
229 150
229 115
230 190
230 225
231 76
232 0
235 158
236 197
238 62
238 127
239 262
1 29
1 89
1 213
5 273
9 101
9 117
9 153
13 5
13 13
13 89
17 45
17 169
17 217
17 277
21 37
21 153
21 269
25 93
25 301
29 53
29 105
29 161
33 125
33 285
33 293
37 41
37 109
37 133
37 277
41 5
41 13
41 69
41 153
45 41
45 61
45 105
45 113
45 293
45 309
49 145
53 53
53 65
53 77
53 285
57 1
57 37
57 109
61 69
61 81
65 1
65 33
65 97
73 181
77 113
77 149
77 281
81 45
81 257
81 269
81 289
85 65
89 173
93 109
93 281
93 305
97 157
97 201
97 213
97 289
101 29
101 77
101 281
105 1
105 41
105 213
105 305
109 13
109 153
113 65
113 121
117 1
117 81
121 97
125 9
125 73
125 153
125 269
129 65
129 113
129 209
129 245
129 257
133 17
133 201
133 217
133 265
133 297
137 29
137 93
137 101
141 9
141 65
141 109
141 169
149 1
149 29
149 125
153 37
153 85
153 145
153 177
153 317
157 105
165 149
165 209
165 249
165 281
169 309
173 1
173 121
173 137
177 245
181 1
181 29
181 101
185 9
185 85
185 149
189 1
189 173
189 189
189 229
189 253
193 89
197 1
197 113
197 133
205 249
209 69
209 241
209 269
213 25
213 41
213 293
217 77
217 129
221 1
221 13
225 45
225 137
225 301
229 61
229 161
229 281
229 309
233 49
233 97
233 137
233 257
237 57
237 81
237 165
