4 3
0 14
19 10
47 29
0 68
113 39
110 71
103 112
0 182
1 215
0 272
0 285
1 308
3 46
2 107
3 127
5 83
6 155
5 171
6 293
7 265
10 119
9 307
10 6
9 139
10 254
85 181
13 39
12 318
13 189
13 244
14 58
14 95
15 234
19 73
17 145
18 128
18 220
22 33
22 168
21 267
23 104
23 206
25 86
25 47
28 158
27 303
29 314
31 188
32 152
33 244
35 179
36 255
37 220
36 233
37 267
39 123
40 209
40 286
41 70
42 54
61 263
44 85
45 19
44 139
45 167
45 299
46 193
50 309
52 132
51 272
53 13
54 46
53 64
53 157
52 180
57 227
56 150
57 280
57 241
59 124
60 213
58 221
60 254
60 171
61 290
63 202
62 318
64 191
66 39
66 140
158 204
65 102
68 181
69 116
69 302
70 266
72 34
73 167
75 81
75 130
78 110
77 273
77 307
79 10
80 228
78 280
80 153
81 242
82 30
81 219
82 210
85 193
87 46
87 147
86 312
86 281
90 4
89 293
94 76
94 173
94 262
94 115
96 58
99 0
99 164
98 296
100 237
101 217
101 269
102 41
103 128
105 157
106 246
106 301
107 106
109 52
108 277
112 191
113 124
113 149
114 220
112 227
113 318
113 23
115 102
115 279
116 181
117 254
117 310
117 32
116 304
119 10
119 47
120 117
120 145
122 177
123 260
123 234
196 121
126 134
129 114
129 166
131 4
132 59
131 313
130 235
135 127
133 209
135 275
135 198
140 74
139 190
140 223
145 268
140 14
142 159
143 55
144 0
142 313
142 243
146 181
147 88
148 121
148 24
151 102
149 290
148 172
151 226
150 247
154 152
154 175
153 313
158 67
156 135
158 116
157 194
158 273
163 227
163 248
163 167
162 286
163 309
163 134
168 48
166 268
170 147
170 210
170 163
173 246
172 5
173 293
174 230
174 267
175 316
175 132
176 188
177 111
177 164
183 77
180 16
215 293
184 130
183 245
182 268
185 287
187 27
187 226
187 294
209 283
190 91
190 262
193 131
192 157
195 182
193 199
194 0
194 145
194 237
197 41
196 105
198 256
199 281
201 88
203 22
205 186
204 315
207 275
208 159
227 309
210 246
212 189
213 87
217 18
217 28
221 233
223 215
224 260
225 227
225 87
226 297
229 117
231 71
233 25
233 186
233 250
235 37
236 103
237 305
238 193
239 120
239 157
1 9
1 29
1 189
1 265
5 201
9 25
9 145
13 1
17 177
25 65
25 281
29 13
29 121
29 129
29 201
33 77
33 93
37 25
37 37
41 61
45 5
49 97
53 113
57 29
57 81
61 1
61 9
61 57
61 89
69 21
69 73
69 257
73 57
73 93
77 49
77 69
81 89
81 301
85 121
85 265
89 105
89 253
93 25
93 97
97 277
101 69
101 97
105 13
105 181
105 229
105 313
109 205
121 65
121 165
121 289
125 81
125 97
125 157
125 193
129 17
133 45
133 289
137 29
137 109
137 269
141 41
145 209
145 301
153 1
153 37
153 273
157 13
157 25
157 89
157 297
165 81
165 101
165 117
165 197
173 93
177 33
177 65
177 145
177 205
181 49
181 293
185 93
185 145
189 49
189 109
189 165
189 213
189 237
189 309
193 13
193 205
193 225
193 301
197 33
197 61
201 77
201 165
201 213
201 269
205 61
205 117
205 201
205 225
209 1
209 73
209 105
209 133
209 145
209 165
209 213
209 305
213 41
213 61
213 221
213 317
217 1
217 69
217 129
217 149
217 161
217 173
217 269
217 309
221 101
221 121
221 317
225 145
225 161
225 201
225 277
229 45
229 105
229 133
229 241
233 1
233 149
233 169
233 265
237 257
