11 10
0 55
22 32
0 94
2 106
44 214
0 193
1 204
0 221
22 306
8 315
2 8
2 82
3 182
3 240
3 230
3 154
4 166
3 293
4 307
5 135
6 31
5 46
8 248
9 104
10 115
11 254
10 85
10 291
45 35
11 125
14 22
14 56
15 96
17 294
18 185
18 197
18 141
19 154
20 262
22 120
24 72
24 220
25 45
26 7
26 100
25 130
28 63
29 112
31 251
32 25
33 191
31 240
32 304
33 92
33 168
35 0
34 82
33 183
34 53
36 204
49 72
38 151
38 102
38 288
123 272
41 233
41 265
41 22
43 41
43 73
44 126
45 160
47 102
46 140
45 309
46 8
47 170
47 116
49 183
126 137
50 196
51 297
51 53
53 205
52 244
62 4
54 36
54 257
56 1
55 312
57 25
57 14
57 128
57 319
60 142
58 214
59 43
60 96
60 115
62 61
62 162
62 301
64 23
63 235
65 55
64 178
65 266
133 148
68 46
68 81
67 192
73 291
74 115
75 166
73 205
75 146
74 219
76 122
76 244
76 0
77 105
78 13
77 36
77 177
80 279
164 286
79 310
81 53
81 189
82 87
84 28
84 229
86 78
90 68
89 124
89 134
90 147
89 195
90 40
91 62
92 238
90 252
91 272
91 315
92 21
92 161
91 209
91 286
92 116
94 34
160 138
97 174
97 3
98 53
98 242
98 188
99 213
102 78
102 136
104 318
104 12
104 112
104 226
105 46
117 112
105 198
107 69
107 94
108 142
108 165
107 304
110 155
111 103
111 172
113 289
113 61
114 40
114 272
115 24
138 186
116 235
116 254
117 79
117 207
118 309
120 55
119 129
119 178
123 104
121 184
123 69
124 216
123 193
124 2
125 20
124 37
125 97
126 120
126 129
127 280
127 242
128 48
132 102
129 166
128 266
132 62
133 87
185 144
148 63
134 227
132 248
132 295
134 18
135 114
137 310
138 38
138 79
137 199
139 169
140 210
140 233
140 8
141 58
141 287
143 17
145 116
145 124
146 186
145 269
146 33
145 90
146 136
145 176
146 73
148 53
147 251
197 79
150 108
151 161
151 216
152 83
152 236
153 47
155 71
156 252
157 272
204 59
158 6
158 96
160 123
160 202
160 17
161 65
162 83
165 152
163 171
163 259
164 304
167 33
167 315
169 3
169 238
170 45
169 104
172 274
173 17
174 212
175 64
176 29
179 96
180 151
179 291
181 260
181 3
181 238
183 219
183 56
184 75
185 32
186 191
186 46
187 99
186 275
187 119
187 133
187 305
188 240
223 1
190 17
193 168
194 33
195 64
201 209
198 102
198 155
197 319
199 47
200 18
199 254
199 287
201 272
203 33
203 121
205 67
205 91
204 305
210 34
211 104
210 238
213 265
211 297
214 87
215 71
216 209
215 6
217 40
217 200
218 20
219 232
220 318
220 191
222 132
224 57
223 96
224 258
226 194
226 249
227 21
227 41
234 318
228 221
229 176
231 9
231 107
230 275
231 82
233 210
236 49
236 171
236 244
236 28
239 91
1 69
1 77
1 129
1 261
5 253
21 205
21 233
21 273
21 317
25 177
29 285
29 293
33 273
49 65
49 89
57 149
57 229
61 193
65 209
73 253
77 285
81 253
81 261
85 241
93 301
101 29
101 129
101 269
101 297
109 221
117 149
117 157
121 229
125 13
125 113
125 153
129 73
133 125
133 177
137 29
137 93
141 153
141 193
153 133
153 185
153 257
157 53
157 89
161 133
165 53
165 189
169 61
169 177
169 253
173 77
173 229
177 173
177 193
181 109
181 209
189 1
193 129
193 145
193 185
193 193
197 85
205 145
205 169
209 181
209 205
213 229
213 285
221 141
221 149
221 169
221 225
233 117
233 257
233 281
237 269
