5 3
20 9
38 32
1 93
0 104
0 120
119 142
1 213
10 226
23 244
77 295
3 25
4 113
5 84
8 165
10 184
10 146
12 137
14 195
16 127
18 217
24 67
27 204
27 252
28 231
31 283
36 157
37 215
37 56
37 182
39 240
43 120
45 106
45 221
46 191
46 19
48 100
48 43
52 227
50 258
49 273
52 248
54 62
55 201
57 91
59 13
59 257
62 278
63 148
62 80
62 142
65 159
66 211
65 237
67 49
66 122
69 112
67 298
73 264
73 70
72 104
74 183
76 219
76 19
78 245
78 93
79 284
81 193
82 223
83 85
84 33
88 140
89 57
88 202
90 118
89 125
90 131
90 152
92 111
94 160
93 168
94 232
96 207
98 99
98 305
101 173
101 289
103 212
108 182
107 5
108 63
108 20
110 241
111 85
112 278
114 108
112 121
114 129
116 195
113 258
115 309
116 149
118 293
120 263
124 163
124 228
124 0
125 55
125 71
128 14
131 249
131 267
133 210
133 118
132 129
135 234
135 66
137 0
139 299
140 83
139 99
141 186
140 147
142 24
142 62
143 218
144 270
144 193
149 251
153 110
152 226
153 167
154 292
153 312
157 204
156 123
156 255
157 273
161 137
160 233
199 141
163 256
162 20
162 293
164 94
166 148
167 68
166 211
168 294
169 186
170 315
170 157
170 240
173 103
173 114
175 50
173 276
175 34
177 122
179 0
207 145
179 83
179 164
179 220
182 197
180 295
183 67
183 263
183 134
184 33
185 101
186 279
189 316
189 52
187 175
218 6
189 140
189 226
190 294
192 68
193 87
194 110
194 206
198 182
198 249
200 155
199 55
199 298
200 38
201 121
203 232
203 162
204 318
205 191
207 268
206 23
207 76
208 98
208 130
209 279
211 219
212 43
211 317
214 27
214 61
215 256
215 106
216 141
216 169
215 237
218 84
217 198
220 13
221 64
221 277
222 177
224 31
224 117
224 242
226 91
225 152
227 257
226 223
228 0
226 48
228 15
232 71
231 125
231 293
231 306
231 204
233 99
235 2
235 162
235 37
235 131
236 185
238 243
238 208
239 78
239 226
1 69
1 133
5 201
9 37
9 261
13 205
13 253
21 21
25 29
25 89
25 269
29 189
37 21
37 177
37 297
41 133
41 205
45 69
49 1
49 253
49 313
53 69
53 125
53 173
61 1
61 133
61 169
61 185
61 317
65 29
69 97
69 185
77 5
77 41
77 65
81 269
85 41
89 1
89 49
93 73
93 253
93 265
97 9
101 189
105 137
109 221
113 141
117 173
117 221
121 29
125 21
125 93
125 129
125 185
129 29
129 41
129 201
133 105
133 157
133 173
133 193
133 285
137 41
141 157
141 177
141 201
145 45
145 53
145 77
149 33
149 65
149 177
149 217
153 85
153 241
157 13
157 61
157 73
157 93
157 177
165 173
165 309
169 1
173 133
173 309
177 17
177 25
177 145
181 249
185 153
189 61
189 117
193 41
193 149
193 309
197 17
201 129
201 209
201 273
205 137
209 1
209 301
213 69
217 297
225 317
