112 144
0 121
1 263
0 286
4 191
3 215
4 170
5 134
9 280
10 37
12 186
18 316
18 204
20 228
21 158
22 249
26 23
26 198
29 222
30 134
39 53
40 166
41 90
46 306
49 120
49 251
54 209
57 300
58 192
58 281
59 316
63 242
61 95
66 149
67 296
70 276
75 198
75 219
76 32
78 252
80 178
81 139
84 118
85 155
84 212
89 287
90 245
94 263
96 92
99 240
102 202
103 124
102 319
106 297
111 176
111 101
112 41
112 250
114 272
115 313
115 70
117 82
118 218
120 192
119 291
122 38
123 113
124 242
126 21
126 79
126 170
128 189
128 214
129 146
132 261
131 108
134 283
134 91
135 235
134 3
138 162
137 208
138 143
140 122
138 185
139 105
192 300
141 255
144 138
147 203
145 229
146 274
145 158
146 29
148 102
149 177
149 249
151 117
152 84
152 135
155 307
156 222
156 153
157 9
159 185
158 242
158 266
159 97
161 130
165 167
164 6
167 216
166 303
167 280
166 48
169 94
169 146
169 236
168 259
173 318
174 195
176 275
177 76
178 160
177 212
177 297
178 91
179 124
180 230
180 140
182 249
182 106
212 307
183 314
184 271
186 1
187 44
187 156
188 89
188 189
190 244
189 293
190 28
192 137
192 224
193 103
194 205
194 263
196 72
198 87
198 277
198 171
200 220
200 12
200 186
199 305
203 135
204 117
205 54
207 316
209 217
208 168
209 198
209 84
211 255
213 149
213 270
212 298
217 215
216 115
229 316
219 99
218 234
220 251
220 195
223 131
223 280
226 212
226 23
226 116
226 148
227 179
228 248
228 263
233 228
231 38
230 67
233 100
233 84
233 193
234 291
236 53
236 130
237 246
236 276
237 308
1 41
1 49
1 157
1 181
1 225
1 241
5 1
5 13
5 29
5 301
9 61
9 97
9 153
9 233
13 29
13 125
13 161
13 213
13 253
13 301
17 93
17 141
17 269
21 5
21 45
21 69
21 85
21 277
25 101
25 117
25 141
25 301
29 177
29 241
29 285
33 37
33 81
33 193
33 261
33 309
37 109
37 245
37 289
41 9
41 129
41 145
41 205
41 261
41 269
41 277
45 69
45 189
45 213
45 229
45 289
49 37
49 49
49 101
49 145
49 281
53 21
53 61
53 89
53 133
53 229
53 273
53 289
57 1
57 153
57 177
61 33
61 81
61 113
61 169
61 265
65 13
65 53
65 69
65 129
65 201
69 185
73 65
73 73
73 85
73 109
73 161
73 313
77 53
77 125
77 233
77 269
77 297
81 5
81 289
81 309
85 45
85 57
85 81
85 101
85 193
89 17
89 69
89 169
93 81
93 205
93 213
93 229
93 309
97 33
97 113
97 125
97 169
101 9
101 49
101 105
101 149
101 181
105 21
105 73
105 261
109 193
109 237
113 57
113 121
113 161
117 1
117 29
117 97
117 137
117 153
125 9
125 69
125 125
125 153
125 305
129 233
133 49
133 61
137 17
137 77
141 301
145 185
145 193
145 317
149 289
153 1
153 25
157 201
161 81
161 141
165 113
169 21
173 5
173 65
173 129
173 181
177 29
177 45
177 289
181 117
181 177
185 73
189 281
193 121
193 309
197 41
197 153
201 29
205 1
205 105
205 285
209 241
213 37
213 229
217 9
217 25
217 69
217 129
221 293
225 85
225 309
229 157
233 13
233 145
233 205
233 213
237 5
237 177
